epoch,step,train_F1,train_OA,train_mIoU,val_F1,val_OA,val_mIoU
0,522,,,,0.6032392978668213,0.6697030067443848,0.4511079490184784
0,522,0.5431325435638428,0.5885372757911682,0.38057824969291687,,,
1,1045,,,,0.6189420223236084,0.691728413105011,0.46445825695991516
1,1045,0.6331610083580017,0.6504135131835938,0.46953004598617554,,,
2,1568,,,,0.700313925743103,0.7d201114892959595,0.5463867783546448
2,1568,0.6554827690124512,0.6723877191543579,0.4940466582775116,,,
3,2091,,,,0.6964948773384094,0.7256198525428772,0.543590784072876
3,2091,0.667739987373352,0.6787221431732178,0.5068798065185547,,,
4,2614,,,,0.6996209621429443,0.7420020699501038,0.5499569177627563
4,2614,0.6785932779312134,0.6893822550773621,0.5198971033096313,,,
5,3137,,,,0.7180706858634949,0.7415444254875183,0.566206157207489
5,3137,0.6874573230743408,0.6960709691047668,0.5297558903694153,,,
6,3660,,,,0.6992718577384949,0.7415691018104553,0.5511384606361389
6,3660,0.6958487629890442,0.7050303816795349,0.5396121144294739,,,
7,4183,,,,0.7178170680999756,0.7487829327583313,0.5680763125419617
7,4183,0.7004407048225403,0.7090498208999634,0.5452390909194946,,,
8,4706,,,,0.750654399394989,0.7678573727607727,0.6057721376419067
8,4706,0.7062675952911377,0.7123183012008667,0.5518530607223511,,,
9,5229,,,,0.7337785959243774,0.7560248374938965,0.5849272608757019
9,5229,0.7130676507949829,0.718783438205719,0.5598695278167725,,,
10,5752,,,,0.7251317501068115,0.7568246722221375,0.5786347985267639
10,5752,0.7159186601638794,0.7221818566322327,0.5635817050933838,,,
11,6275,,,,0.7416113615036011,0.7632311582565308,0.5955355763435364
11,6275,0.7206318378448486,0.7271997332572937,0.5691969990730286,,,
12,6798,,,,0.7560354471206665,0.7760024666786194,0.6128754019737244
12,6798,0.723676860332489,0.7297373414039612,0.5734096169471741,,,
13,7321,,,,0.7586401104927063,0.7727277874946594,0.6156173348426819
13,7321,0.7321760058403015,0.7373734712600708,0.5831615924835205,,,
14,7844,,,,0.7668301463127136,0.780083954334259,0.6260639429092407
14,7844,0.736207902431488,0.740220844745636,0.5878079533576965,,,
15,8367,,,,0.7663337588310242,0.7825422883033752,0.62603360414505
15,8367,0.7407857775688171,0.7459107041358948,0.5938027501106262,,,
16,8890,,,,0.7723749279975891,0.7864843010902405,0.6329894065856934
16,8890,0.7457805275917053,0.7497553825378418,0.6001224517822266,,,
17,9413,,,,0.7667507529258728,0.7774795889854431,0.6263903975486755
17,9413,0.7523682117462158,0.7538281679153442,0.6076498031616211,,,
18,9936,,,,0.7772018909454346,0.7897154092788696,0.6396769285202026
18,9936,0.7528360486030579,0.755222737789154,0.6088037490844727,,,
19,10459,,,,0.7804762721061707,0.7913694977760315,0.643732488155365
19,10459,0.7562508583068848,0.7582325339317322,0.6127533316612244,,,
20,10982,,,,0.7810009717941284,0.7916035652160645,0.6445393562316895
20,10982,0.7619970440864563,0.763738214969635,0.619973361492157,,,
21,11505,,,,0.7815536260604858,0.7928199768066406,0.6455028057098389
21,11505,0.7634066343307495,0.7651769518852234,0.6218124628067017,,,
22,12028,,,,0.788855791091919,0.8007163405418396,0.6550456285476685
22,12028,0.7701706886291504,0.7702000737190247,0.6301240921020508,,,
23,12551,,,,0.7892093062400818,0.7989585399627686,0.6554186344146729
23,12551,0.768812358379364,0.7694129347801208,0.628596305847168,,,
24,13074,,,,0.7910327315330505,0.8013657927513123,0.6578776240348816
24,13074,0.7754992842674255,0.7753660678863525,0.6370042562484741,,,
25,13597,,,,0.7909268736839294,0.8017164468765259,0.6578971743583679
25,13597,0.7749381065368652,0.7752501368522644,0.636080801486969,,,
26,14120,,,,0.7921542525291443,0.8023136854171753,0.6594313383102417
26,14120,0.7782177329063416,0.7790451645851135,0.6408692598342896,,,
27,14643,,,,0.7931976914405823,0.8023656606674194,0.6607946157455444
27,14643,0.7782208919525146,0.7786601781845093,0.6408843398094177,,,
28,15166,,,,0.7934831380844116,0.8035605549812317,0.6612210273742676
28,15166,0.7781923413276672,0.7784244418144226,0.6407477855682373,,,
29,15689,,,,0.7922669649124146,0.8018831014633179,0.6596066951751709
29,15689,0.7793914079666138,0.7793174982070923,0.6420224905014038,,,
