epoch,step,train_F1,train_OA,train_mIoU,val_F1,val_OA,val_mIoU
0,134,,,,0.833124041557312,0.8206441402435303,0.7156475186347961
0,134,0.6386631727218628,0.7064923048019409,0.4894208312034607,,,
1,269,,,,0.836418092250824,0.819702684879303,0.7217616438865662
1,269,0.785189151763916,0.789256751537323,0.6496118307113647,,,
2,404,,,,0.8611782789230347,0.836875319480896,0.7592307329177856
2,404,0.8100277185440063,0.8130329251289368,0.6839279532432556,,,
3,539,,,,0.8673357963562012,0.8460626006126404,0.770898699760437
3,539,0.8271768093109131,0.8260090351104736,0.708441972732544,,,
4,674,,,,0.8784637451171875,0.857740581035614,0.7865307927131653
4,674,0.8435494303703308,0.8461276292800903,0.7332233786582947,,,
5,809,,,,0.8852558732032776,0.8628244996070862,0.7963159084320068
5,809,0.8483973145484924,0.8517021536827087,0.7405799627304077,,,
6,944,,,,0.8880195021629333,0.866175651550293,0.8012737035751343
6,944,0.8639167547225952,0.8636706471443176,0.7634653449058533,,,
7,1079,,,,0.8886741399765015,0.8679491877555847,0.8032419681549072
7,1079,0.8637200593948364,0.8680760264396667,0.7637238502502441,,,
8,1214,,,,0.892199695110321,0.8667013049125671,0.8080494403839111
8,1214,0.8739271759986877,0.8774232864379883,0.7791265845298767,,,
9,1349,,,,0.889523446559906,0.8661448359489441,0.8040516972541809
9,1349,0.8758149147033691,0.8785037994384766,0.7824745178222656,,,
10,1484,,,,0.8962526321411133,0.8740379810333252,0.8147457242012024
10,1484,0.8748151063919067,0.8787074685096741,0.7811247706413269,,,
11,1619,,,,0.8985522389411926,0.8769156336784363,0.8186834454536438
11,1619,0.8818046450614929,0.8887068629264832,0.7917662262916565,,,
12,1754,,,,0.898841917514801,0.8772916197776794,0.8191241025924683
12,1754,0.8809536695480347,0.8887872695922852,0.7907304167747498,,,
13,1889,,,,0.896848201751709,0.8749918341636658,0.8161440491676331
13,1889,0.887660026550293,0.8923612833023071,0.800874650478363,,,
14,2024,,,,0.8987071514129639,0.8766942024230957,0.8189957737922668
14,2024,0.8877266049385071,0.8945407271385193,0.8013997077941895,,,
15,2159,,,,0.8865010142326355,0.8658311367034912,0.7991279363632202
15,2159,0.8699828386306763,0.8733883500099182,0.773098349571228,,,
16,2294,,,,0.8922169804573059,0.8719441294670105,0.8083248138427734
16,2294,0.8772808909416199,0.8819833397865295,0.7846820950508118,,,
17,2429,,,,0.8883441090583801,0.8647381067276001,0.8029402494430542
17,2429,0.8773360848426819,0.8824675679206848,0.7850525975227356,,,
18,2564,,,,0.8861116170883179,0.8633130788803101,0.798175573348999
18,2564,0.8841496706008911,0.8884120583534241,0.795411229133606,,,
19,2699,,,,0.8953421115875244,0.8726879358291626,0.8137708306312561
19,2699,0.8882164359092712,0.8952513933181763,0.8020063042640686,,,
20,2834,,,,0.8955217003822327,0.8716171383857727,0.8139981627464294
20,2834,0.8919259309768677,0.8971819281578064,0.8076991438865662,,,
21,2969,,,,0.8964529633522034,0.8749679327011108,0.8155438899993896
21,2969,0.8958180546760559,0.9020838737487793,0.8140825629234314,,,
22,3104,,,,0.8799760937690735,0.8575928211212158,0.7884159684181213
22,3104,0.895195722579956,0.901637852191925,0.8130671977996826,,,
23,3239,,,,0.8968204259872437,0.8739907741546631,0.8157948851585388
23,3239,0.8958500027656555,0.9034496545791626,0.8142561316490173,,,
24,3374,,,,0.8904764652252197,0.8708487153053284,0.8067083358764648
24,3374,0.8989304900169373,0.9067184329032898,0.8188640475273132,,,
25,3509,,,,0.900347888469696,0.879540741443634,0.8220508098602295
25,3509,0.9025654792785645,0.9097161889076233,0.8248503804206848,,,
26,3644,,,,0.9007124900817871,0.8818854689598083,0.8220694661140442
26,3644,0.9059643745422363,0.9135201573371887,0.8305010199546814,,,
27,3779,,,,0.8925455808639526,0.8719391822814941,0.8096201419830322
27,3779,0.9069351553916931,0.9137803316116333,0.8321385979652405,,,
28,3914,,,,0.8933050632476807,0.8750137090682983,0.8104278445243835
28,3914,0.9084314703941345,0.9153831601142883,0.8344964981079102,,,
29,4049,,,,0.8985500335693359,0.8792611956596375,0.8188374638557434
29,4049,0.9118192791938782,0.9190459251403809,0.8401627540588379,,,
30,4184,,,,0.8981606364250183,0.8767212629318237,0.818236231803894
30,4184,0.9121161699295044,0.9185906648635864,0.8405086994171143,,,
31,4319,,,,0.8978081345558167,0.8784482479095459,0.8176149725914001
31,4319,0.9156541228294373,0.9210304021835327,0.8464250564575195,,,
32,4454,,,,0.9017665982246399,0.8818714022636414,0.8241526484489441
32,4454,0.9133045077323914,0.9203071594238281,0.8426942825317383,,,
33,4589,,,,0.8966310024261475,0.8803983330726624,0.815172016620636
33,4589,0.9178789854049683,0.9243904948234558,0.8501304388046265,,,
34,4724,,,,0.8915393948554993,0.8747665286064148,0.80790114402771
34,4724,0.9184073209762573,0.9253371953964233,0.8511486649513245,,,
35,4859,,,,0.8980779647827148,0.8789239525794983,0.8179711103439331
35,4859,0.9172210097312927,0.9257437586784363,0.8491107821464539,,,
36,4994,,,,0.8975315093994141,0.88006192445755,0.816789984703064
36,4994,0.9202744364738464,0.9277310371398926,0.8542364835739136,,,
37,5129,,,,0.8955504894256592,0.8786645531654358,0.8133849501609802
37,5129,0.9211007356643677,0.928367555141449,0.8556711673736572,,,
38,5264,,,,0.898428201675415,0.8822374939918518,0.8180686831474304
38,5264,0.9195802807807922,0.9292230010032654,0.8532166481018066,,,
39,5399,,,,0.8984251618385315,0.8816328644752502,0.8181279301643372
39,5399,0.9202001690864563,0.927878201007843,0.8541225790977478,,,
40,5534,,,,0.8979976177215576,0.8815200328826904,0.8175592422485352
40,5534,0.9220024347305298,0.9290006756782532,0.8571469187736511,,,
41,5669,,,,0.899287760257721,0.8816710114479065,0.8196709156036377
41,5669,0.9229363799095154,0.9310333728790283,0.8588693737983704,,,
42,5804,,,,0.8974997997283936,0.8808318376541138,0.8167477250099182
42,5804,0.923931896686554,0.9304760694503784,0.8603466749191284,,,
43,5939,,,,0.8983191847801208,0.8818736672401428,0.8180907964706421
43,5939,0.9251505732536316,0.9309913516044617,0.8624445199966431,,,
44,6074,,,,0.8990166187286377,0.882229745388031,0.8192535042762756
44,6074,0.9231871366500854,0.929559588432312,0.8591032028198242,,,
